refLM=[10	112	84
11	148	49
12	102	112
13	148	98
13	100	56
15	153	94
16	153	130
16	114	24
17	108	145
18	139	68
19	123	161
21	85	28
21	137	123
23	107	56
24	74	132
27	60	72
30	77	18
32	137	64
33	151	146
34	153	100
35	150	137
36	136	171
37	106	159
38	107	128
39	134	171
41	119	94
43	107	64
17  58  40
33  155  23];
LM01px(:,:,1)=[10	113	88
11	150	57
12	101	112
13	149	102
13	102	61
15	153	100
16	153	132
16	117	31
17	109	147
18	141	74
19	123	162
21	86	34
21	137	126
23	109	58
24	76	132
27	60	72
30	78	22
32	140	70
33	150	148
34	154	103
35	150	139
36	137	171
37	107	161
38	107	128
39	134	173
41	119	98
43	109	68
17  57  40
33  153  25];

LM01px(:,:,2)=[10	116	93
11	151	63
12	103	114
13	150	105
13	103	66
15	155	101
16	153	134
16	118	34
17	110	147
18	142	78
19	123	164
21	86	37
21	137	126
23	109	60
24	76	132
27	60	71
30	78	25
32	142	73
33	151	150
34	154	105
35	151	140
36	136	171
37	107	160
38	110	130
39	135	173
41	121	100
43	111	70
17  58  39
33  153  24];

LM01px(:,:,3)=[10	112	83
11	146	46
12	101	112
13	148	96
13	99	54
15	153	93
16	153	130
16	114	23
17	108	145
18	139	66
19	123	161
21	85	26
21	137	122
23	107	56
24	75	132
27	59	72
30	77	18
32	137	63
33	150	146
34	153	98
35	150	137
36	136	170
37	105	159
38	107	126
39	134	171
41	119	93
43	106	62
17  58  40
33  154  23];

LM01px(:,:,4)=[10	111	79
11	146	42
12	101	110
13	147	93
14	97	50
15	152	89
16	153	126
16	112	18
17	108	143
18	137	62
19	121	160
21	84	23
21	136	119
23	105	52
24	74	132
27	59	72
30	76	12
32	136	60
33	151	143
34	151	94
35	148	136
36	135	169
37	103	157
38	106	125
39	132	169
41	115	90
43	104	58
17  57  41
33 153  24];

LM01px(:,:,5)=[10	116	94
11	151	63
12	102	114
13	150	105
13	103	67
15	155	102
16	155	135
16	118	36
17	110	148
18	143	78
19	124	164
21	87	38
21	138	127
23	109	61
24	76	130
27	61	71
30	78	25
32	141	73
33	152	149
34	155	106
35	151	141
36	137	173
37	109	161
38	110	129
39	135	173
41	122	100
43	112	71
17  58  39
33  154  23];

LM01px(:,:,6)=[10	115	90
11	151	58
12	103	114
13	149	102
13	103	64
15	155	100
16	154	133
16	117	31
17	109	147
18	141	75
19	123	164
21	86	34
21	137	126
23	109	59
24	76	132
27	61	71
30	77	22
32	141	69
33	151	148
34	154	104
35	151	139
36	137	173
37	107	161
38	109	129
39	134	173
41	121	98
43	111	68
17  58  40
33  154  23];

LM01px(:,:,7)=[10	111	80
11	146	42
12	101	110
13	147	93
14	98	51
15	153	89
16	153	126
16	112	19
17	108	143
18	137	61
19	121	160
21	85	25
21	136	119
23	106	52
24	74	132
27	59	71
30	76	12
32	136	60
33	150	144
34	151	94
35	148	136
36	135	169
37	103	159
38	105	125
39	134	170
41	115	90
43	104	58
17  57  40
33  153  24];

LM01px(:,:,8)=[10	111	80
11	146	44
12	101	110
13	147	94
13	98	50
15	153	92
16	152	128
16	112	19
17	108	143
18	138	63
19	123	161
21	86	25
21	137	121
23	106	53
24	75	132
27	59	72
30	76	14
32	136	59
33	151	144
34	152	96
35	149	135
36	135	169
37	105	157
38	107	126
39	134	170
41	116	92
43	105	59
17  57  40
33  153  25];

LM01px(:,:,9)=[10	114	89
11	150	57
12	103	114
13	149	102
13	101	60
15	155	99
16	153	132
16	116	30
17	110	147
18	141	74
19	123	162
21	85	33
21	137	124
23	108	58
24	76	132
27	61	72
30	78	23
32	139	68
33	151	148
34	154	102
35	151	141
36	136	171
37	107	161
38	108	128
39	135	173
41	120	97
43	110	67
17  58  40
33  154  22];

LM01px(:,:,10)=[10	113	89
11	151	59
12	101	114
13	149	103
13	102	63
15	153	100
16	153	134
16	117	33
17	109	147
18	141	76
19	123	164
21	86	34
21	137	126
23	109	60
24	76	132
27	60	71
30	78	23
32	142	72
33	151	148
34	154	104
35	151	141
36	136	171
37	106	160
38	107	128
39	134	173
41	120	99
43	109	69
17  58  40
33  154  24];

frames=[4;7;11;13;41;72;93;95;153;188];
