refLM=[8	115	67
9	112	84
11	136	71
12	125	165
13	114	52
15	155	65
17	145	70
18	85	85
18	137	174
19	82	28
19	106	165
20	138	95
26	67	83
26	85	150
33	154	123
34	143	108
35	108	171
35	144	98
36	154	96
37	104	153
38	142	157
39	152	73
40	151	162
41	128	30
43	122	102
44	144	93
45	106	104
17  65  35
33  154  33];

LM04px(:,:,1)=[8	116	71
9	114	86
11	137	75
12	125	165
13	116	55
15	156	69
17	147	74
18	86	86
18	137	173
19	83	31
19	107	165
20	138	96
26	66	83
26	85	150
33	155	125
34	144	112
35	110	171
35	144	102
36	154	101
37	106	154
38	143	158
39	152	77
40	151	164
41	131	34
43	121	104
44	144	96
45	106	106
17  66  34
33  154  33];
LM04px(:,:,2)=[8	114	64
9	111	82
11	135	68
12	125	164
13	114	49
15	154	63
17	144	68
18	84	84
18	136	173
19	81	26
19	105	164
20	137	93
26	67	84
26	85	150
33	154	121
34	143	107
35	107	170
35	144	95
36	154	95
37	105	154
38	142	156
39	151	70
40	151	161
41	126	27
43	122	101
44	144	90
45	106	103
17  65  35
33  154  35];
LM04px(:,:,3)=[8	115	65
9	111	83
11	136	69
12	125	164
13	114	49
15	154	64
17	144	69
18	85	84
18	137	173
19	81	26
19	106	164
20	138	93
26	67	83
26	85	150
33	154	121
34	144	106
35	108	171
35	143	96
36	153	95
37	104	153
38	142	156
39	151	70
40	151	161
41	127	27
43	121	102
44	144	92
45	105	103
17  65  35
33 154 33];
LM04px(:,:,4)=[8	117	70
9	113	85
11	137	73
12	125	164
13	116	55
15	156	68
17	147	73
18	85	86
18	137	175
19	82	30
19	107	165
20	139	97
26	67	83
26	85	150
33	155	124
34	143	110
35	108	172
35	144	101
36	155	98
37	106	154
38	142	158
39	153	77
40	151	164
41	130	33
43	123	105
44	144	95
45	106	105
17  66  34
33  153  35];
LM04px(:,:,5)=[8	117	71
9	113	86
11	138	74
12	126	165
13	116	55
15	157	69
17	148	74
18	86	87
18	138	175
19	83	31
19	107	165
20	139	98
26	67	83
26	85	150
33	154	126
34	143	110
35	110	172
35	144	103
36	155	99
37	106	155
38	143	158
39	153	77
40	152	164
41	130	35
43	122	105
44	145	97
45	107	106
17  66  34
33 153  34];

LM04px(:,:,6)=[8	117	69
9	112	85
11	137	73
12	125	164
13	116	54
15	156	67
17	146	72
18	86	86
18	138	175
19	82	30
19	106	165
20	138	95
26	67	84
26	85	151
33	155	125
34	143	109
35	108	172
35	144	101
36	154	98
37	105	154
38	143	157
39	152	75
40	151	163
41	130	33
43	122	105
44	144	95
45	107	105
17  66  35
33  153  33];
LM04px(:,:,7)=[8	115	66
9	111	84
11	136	71
12	125	165
13	114	51
15	155	64
17	144	70
18	84	84
18	137	173
19	81	29
19	105	165
20	138	94
26	67	84
26	85	151
33	155	122
34	144	107
35	108	170
35	143	98
36	153	96
37	105	154
38	142	157
39	152	72
40	151	162
41	128	29
43	122	103
44	144	93
45	106	104
17  65  35
33  153  33];
LM04px(:,:,8)=[8	116	66
9	112	84
11	136	72
12	125	165
13	114	51
15	154	66
17	145	71
18	86	85
18	137	174
19	82	29
19	106	165
20	138	95
26	67	83
26	85	151
33	155	123
34	144	108
35	108	171
35	144	98
36	154	95
37	104	154
38	142	157
39	152	74
40	151	162
41	128	32
43	122	103
44	144	94
45	106	105
17  65  35
33 153  33];
LM04px(:,:,9)=[8	115	66
9	111	83
11	135	69
12	124	164
13	114	50
15	155	65
17	144	69
18	85	85
18	137	174
19	81	26
19	105	164
20	138	94
26	67	83
26	85	151
33	155	122
34	143	107
35	107	171
35	143	95
36	153	96
37	104	153
38	142	156
39	151	70
40	151	161
41	127	28
43	122	101
44	144	92
45	106	103
17  66  35
33  153  35];
LM04px(:,:,10)=[8	117	72
9	113	86
11	137	74
12	126	165
13	116	55
15	156	70
17	147	74
18	86	86
18	137	175
19	83	30
19	107	165
20	140	97
26	67	83
26	85	150
33	154	126
34	144	111
35	110	172
35	144	103
36	154	101
37	106	154
38	143	158
39	153	76
40	152	164
41	130	35
43	122	105
44	144	96
45	107	106
17  66  34
33 153  35
];
LM04px(:,:,11)=[8	115	66
9	111	82
11	135	69
12	125	165
13	114	49
15	154	63
17	144	67
18	85	84
18	137	173
19	81	25
19	106	164
20	137	93
26	66	83
26	85	150
33	155	121
34	144	106
35	108	170
35	143	96
36	154	95
37	104	153
38	142	156
39	151	70
40	151	162
41	127	27
43	122	101
44	144	92
45	105	104
17  65  35
33  154  32
];
frames=[3;7;38;54;56;71;85;138;153;171;189];
